.Random.seed <-
c(403L, 111L, -1824230743L, 1440089586L, 213035105L, 526044309L, 
1497193952L, 1263166907L, 2007499042L, 1592172275L, -173021218L, 
438030124L, -948761007L, 411412398L, 1499679233L, -1721233072L, 
917662254L, -1366808825L, 1368493370L, -2057881988L, -1742397367L, 
-944780668L, -2017574774L, 893912311L, -2021831542L, 2010025678L, 
1596042778L, 1756703648L, 862853110L, 1703812359L, -855650071L, 
-204675905L, 89183414L, -65459077L, -451768522L, 604002078L, 
1622477065L, 1846907051L, 724136793L, -1884790093L, -733972082L, 
-494116075L, 458907710L, -52937911L, 1039833530L, -2127421717L, 
-780545518L, 387165307L, -1987383850L, -573895733L, -1643732134L, 
479953212L, 1107589642L, -1827134423L, -863026096L, 182356195L, 
791794815L, -1600819734L, 1242975460L, 36494631L, 1539870762L, 
1142865191L, -525626735L, -1378168268L, -452675441L, -1390938597L, 
-2117498831L, 1108811108L, -1692830616L, 547545526L, -1085486912L, 
-242191139L, 333208905L, 622653252L, -1480766950L, -1515862033L, 
-1089569378L, 2086865973L, 1032368044L, -298694869L, -1763515387L, 
-877163577L, 74336672L, 354248937L, 1147135920L, -85862719L, 
706159967L, -1818560978L, -28694521L, -843630190L, 287643664L, 
-1291832065L, 1362352637L, -617191309L, -1403285103L, -565111927L, 
1229519857L, 1640865801L, -641576878L, -1524057706L, -1290732335L, 
-1518544651L, -685027544L, 222266690L, -1124670186L, 938073323L, 
-1717364349L, 864440650L, 1773973491L, 1942742054L, 117153118L, 
668119980L, -1230247139L, 1051839429L, 462721634L, -575577112L, 
-748929275L, 96247877L, -375050622L, 754214343L, 128147376L, 
-1672045975L, 351489654L, 1567336685L, -1781312663L, 1593248265L, 
455744990L, 723852930L, 433237224L, 976016871L, -798534247L, 
-318207084L, -368164224L, 385928022L, 1984319734L, -1345622645L, 
1918735478L, -2038213285L, 1847267105L, -914522514L, -439840256L, 
501911629L, 629302225L, 1016085534L, -683137212L, 346361381L, 
-572350815L, 1041824919L, 624380299L, 1983687215L, -1445137225L, 
304607015L, -838928507L, 1847013282L, 2078605197L, -1025122568L, 
216437693L, 1750258296L, -162292623L, 1436280540L, 786891185L, 
-1355375693L, 1668144990L, -568213803L, 1931645022L, -602176330L, 
-1026318562L, -354607005L, -1716345679L, 767312141L, 950374743L, 
793482715L, -205663764L, 644643241L, -1049195812L, 1370197615L, 
-2067474252L, 2029738067L, 80992296L, -968020108L, -110495706L, 
-1593439395L, 1002133628L, -1739704454L, -1967919525L, 954151074L, 
1048966154L, 82026603L, 1204842871L, 1189454598L, 1756832194L, 
-1250000553L, 87692678L, -457337045L, 1559969051L, 994603472L, 
-535968401L, -1334157859L, -731063498L, 1035440568L, -294252525L, 
1424005860L, -237085719L, -828525527L, 729952416L, 2127813428L, 
-2031301808L, -1778140201L, -287913889L, -494827456L, -135596103L, 
1032212043L, -1738019196L, 619684733L, 1230178391L, 1333609128L, 
1749151565L, 471647460L, 86438065L, -133363337L, 1293708251L, 
-1992582029L, 747910630L, 1354190214L, 850395070L, 750840136L, 
-1614191162L, 915742490L, -438559771L, 886398719L, 1629944237L, 
1688339102L, 1922797415L, -1179358506L, 288456498L, 1851621595L, 
834021751L, 877710205L, 537536725L, -1494920605L, -83658075L, 
1217761673L, -825922433L, -1023600890L, -89530989L, -2068411622L, 
-637415636L, 1319635019L, 550796408L, 1353762143L, -370855995L, 
-1297962093L, 673524136L, -1334507276L, 1493831677L, -1288726044L, 
-110129473L, 376109006L, -211490709L, -966686140L, -1415703213L, 
-602441308L, 909277912L, -601460497L, -1230334921L, 1601526747L, 
882960336L, 1405889943L, -1591330183L, -1707261707L, 876151434L, 
-48295599L, 886520285L, -2020996002L, 1678492126L, -38394266L, 
-511719107L, 155630867L, 194999068L, 1021003180L, 2024167128L, 
639102356L, 389694573L, 1260984121L, -1375512641L, -999057124L, 
849206521L, 116881415L, 2019075678L, -938859890L, 217906583L, 
-1780077709L, -1617300711L, -146181503L, 1141652283L, -1703019612L, 
1862046492L, -1703663592L, -168815846L, -345523776L, 1677291125L, 
984602276L, -1478793632L, -92648868L, -1154140776L, -1133506149L, 
-1215272930L, -1297717302L, -804159173L, -1214340772L, 1838037325L, 
-878622056L, 1709131932L, -568928161L, -1461416176L, -1359291337L, 
-1305889097L, -2087471929L, -289852378L, 1414395659L, -1892334047L, 
-1688582079L, -1471985144L, -1080562149L, -273034620L, 1934450574L, 
1314288222L, -1623527328L, 1175715444L, 921980875L, 1790896722L, 
1671433518L, -1537775882L, -1781649509L, -1920889155L, 1553225832L, 
-1770929591L, 444301785L, 1018964451L, -448340895L, 1771836931L, 
-1083388737L, 838414509L, 1314670015L, -365171628L, -998135501L, 
-577622319L, 1459136851L, -353406087L, -1035349454L, 1454525530L, 
1407530701L, 68210663L, -402809857L, -986614960L, -2138281744L, 
-569487824L, -1171228646L, 1969544454L, -989665642L, -1285050613L, 
-461135619L, -1805787376L, -887654564L, 810963675L, 1297027294L, 
-1187045128L, -1581229400L, -473516428L, 1480935109L, -704308838L, 
-363520092L, -682333356L, -1849663297L, -1627863581L, -917035193L, 
852079104L, 368626963L, -1577524559L, -1407875615L, 1383822324L, 
213975457L, 122844397L, 838087253L, 28289919L, 1033028105L, -142679207L, 
529958000L, -1836471313L, -1053365131L, -1177412252L, 466380105L, 
952704059L, -131321310L, -1603249826L, -2051834734L, 1658403672L, 
1368745947L, 1624535359L, 79203962L, -2097435682L, -193418467L, 
-8045281L, -1506326375L, 1169757631L, -1736194529L, 488514972L, 
-1531222952L, -725449180L, 1807315738L, 2136457678L, 359225994L, 
-882933593L, 1151540790L, -1658912488L, 1919375400L, -1261541306L, 
-1581670196L, -1604323431L, 84006735L, -1306199880L, 1953591590L, 
1406396917L, 1851191433L, -38446753L, -53278003L, -927302619L, 
-1381888427L, -259243693L, -1711409537L, 711810874L, -1328779359L, 
-1224760670L, -2028508345L, 1428677615L, -400780637L, -1733463472L, 
1004687637L, -1049444228L, 317862331L, -368512606L, -1644676020L, 
1510267142L, -286016899L, -520572647L, 458348485L, 1594837056L, 
1913246676L, 1073098885L, -1861243522L, -1094690800L, 1231005832L, 
-366533639L, -429690822L, 1015493448L, 1752080537L, 909721274L, 
-171910566L, 939544121L, 2114586646L, 1314910923L, 1084571998L, 
86452985L, 440222579L, 121266505L, 499317842L, -1169144001L, 
1376985818L, 2105966321L, -1731898888L, 1381539723L, 343128215L, 
-410195018L, 858204897L, -631261126L, 149830064L, 1900730885L, 
-366392458L, 1935436576L, 1898534320L, 260813597L, -589924303L, 
-828954079L, 210620589L, 1215284054L, 462282616L, -481651350L, 
644362629L, 792597675L, 1247503711L, 324072047L, 1046712860L, 
645953272L, -1044698660L, 557569909L, -877276858L, 13724936L, 
1970005304L, 1590972584L, 1823339589L, -1405424310L, 284653300L, 
-727746108L, -965908737L, 434313346L, -720194643L, -805283113L, 
844321060L, 1139351368L, -1520723305L, -785070872L, 1500704806L, 
1619061276L, -1573777071L, 1505669909L, 1914593481L, 55854964L, 
771859313L, 1956788672L, -1257631772L, 1540889371L, 2109816875L, 
-1091088884L, 2059445981L, -1543707480L, -1672913066L, 165038095L, 
1778577185L, 538567853L, -393839789L, 1574779418L, 1100283192L, 
-2208006L, 1136151362L, 463569149L, -1204735859L, 102899027L, 
-589361873L, -2102292942L, 937956351L, -1808994576L, -112441176L, 
1601525672L, -1361047710L, 316034077L, -228202543L, 1754999687L, 
586930388L, 1260434752L, -1770675535L, 102372059L, -46107764L, 
1490346051L, 1370506193L, 1217276510L, -960282983L, 790364792L, 
-1075930051L, 66631189L, -706300332L, -403909930L, 1996737160L, 
283191406L, -768339447L, -121639284L, -1738709075L, 1418197295L, 
1357731008L, 536102167L, -1887884058L, -83091706L, 1221870695L, 
-1078104911L, 2001184508L, 304597723L, -1166849788L, 566866190L, 
-1348135195L, 617460070L, 670074750L, -1180361079L, -1115425247L, 
240572798L, -351388214L, -1939609708L, 1838279508L, -1913559899L, 
-173042403L, -1043759260L, -447009795L, 325136721L, 567613902L, 
-1429858445L, 2113953397L, 528102907L, -1471930823L, 2094957929L, 
